{"objects":{"0":{"name":"chair","obb":{"center":[3.76,0.607,0.467],"extent":[0.857,0.514,0.463],"rotation":[[0.137,0.356,-0.924],[-0.166,0.928,0.332],[0.977,0.108,0.187]]}},"1":{"name":"chair","obb":{"center":[4.946,1.269,0.459],"extent":[0.49,0.683,0.999],"rotation":[[-0.614,0.718,-0.329],[-0.651,-0.696,-0.303],[-0.446,0.028,0.894]]}},"2":{"name":"chair","obb":{"center":[5.291,2.752,0.45],"extent":[0.534,0.603,0.818],"rotation":[[-0.984,0.178,-0.031],[0.177,0.984,0.018],[0.034,0.013,-0.999]]}},"3":{"name":"chair","obb":{"center":[4.022,2.78,0.406],"extent":[0.636,0.614,0.816],"rotation":[[0.146,-0.985,0.091],[0.989,0.145,-0.016],[0.003,0.092,0.996]]}},"4":{"name":"chair","obb":{"center":[2.784,2.168,0.475],"extent":[0.556,0.71,0.808],"rotation":[[0.983,0.182,0.016],[0.182,-0.983,-0.002],[0.016,0.005,-1.0]]}},"5":{"name":"chair","obb":{"center":[4.066,4.587,0.49],"extent":[0.606,0.796,0.59],"rotation":[[0.122,-0.02,-0.992],[0.992,0.042,0.121],[0.039,-0.999,0.025]]}},"6":{"name":"chair","obb":{"center":[2.815,4.464,0.47],"extent":[0.623,0.785,0.507],"rotation":[[-0.196,-0.009,-0.981],[0.976,0.093,-0.196],[0.093,-0.996,-0.009]]}},"7":{"name":"chair","obb":{"center":[4.352,1.238,0.512],"extent":[0.744,0.585,0.575],"rotation":[[-0.31,0.14,-0.94],[0.617,-0.723,-0.311],[-0.723,-0.677,0.138]]}},"8":{"name":"chair","obb":{"center":[5.072,2.016,0.391],"extent":[0.61,0.849,0.746],"rotation":[[0.024,0.021,0.999],[0.983,0.184,-0.027],[-0.184,0.983,-0.017]]}},"9":{"name":"chair","obb":{"center":[1.655,5.22,0.851],"extent":[0.618,0.271,0.114],"rotation":[[-0.215,0.48,0.85],[-0.976,-0.075,-0.205],[-0.035,-0.874,0.484]]}},"10":{"name":"chair","obb":{"center":[2.507,1.522,0.381],"extent":[0.62,0.409,0.454],"rotation":[[0.118,0.913,0.39],[-0.136,0.404,-0.905],[-0.984,0.054,0.172]]}},"11":{"name":"chair","obb":{"center":[2.749,2.86,0.358],"extent":[0.57,0.645,0.467],"rotation":[[0.807,0.091,-0.583],[-0.547,-0.254,-0.797],[-0.221,0.963,-0.155]]}},"12":{"name":"chair","obb":{"center":[2.894,5.849,0.422],"extent":[0.601,0.622,0.273],"rotation":[[-0.258,-0.49,0.833],[-0.128,-0.837,-0.533],[0.958,-0.244,0.153]]}},"13":{"name":"chair","obb":{"center":[3.023,5.272,0.462],"extent":[0.647,0.71,0.409],"rotation":[[-0.056,-0.687,-0.725],[-0.969,-0.137,0.205],[-0.241,0.714,-0.658]]}},"14":{"name":"chair","obb":{"center":[4.026,0.594,0.485],"extent":[0.828,0.628,0.431],"rotation":[[0.018,-0.337,-0.941],[0.032,-0.941,0.337],[-0.999,-0.037,-0.007]]}},"15":{"name":"chair","obb":{"center":[3.855,0.665,0.437],"extent":[0.775,0.533,0.239],"rotation":[[-0.09,-0.174,-0.981],[0.185,-0.97,0.155],[-0.979,-0.167,0.12]]}},"16":{"name":"chair","obb":{"center":[4.052,2.161,0.352],"extent":[0.561,0.472,0.559],"rotation":[[-0.98,-0.194,-0.039],[0.157,-0.643,-0.749],[0.12,-0.741,0.661]]}},"17":{"name":"chair","obb":{"center":[2.169,6.16,0.868],"extent":[0.434,0.335,0.159],"rotation":[[0.897,-0.441,-0.004],[0.234,0.484,-0.843],[0.374,0.756,0.537]]}},"18":{"name":"chair","obb":{"center":[4.71,5.754,0.628],"extent":[0.522,0.815,0.278],"rotation":[[0.889,-0.04,-0.457],[0.258,-0.781,0.569],[-0.379,-0.624,-0.683]]}},"19":{"name":"chair","obb":{"center":[4.584,4.54,0.442],"extent":[0.608,0.76,0.484],"rotation":[[0.107,-0.085,0.991],[0.993,-0.034,-0.111],[0.043,0.996,0.081]]}},"20":{"name":"chair","obb":{"center":[3.856,5.034,0.404],"extent":[0.636,0.485,0.372],"rotation":[[-0.09,0.158,-0.983],[-0.405,-0.908,-0.109],[-0.91,0.388,0.145]]}},"21":{"name":"chair","obb":{"center":[5.887,4.119,0.423],"extent":[0.471,0.514,0.372],"rotation":[[0.902,0.012,-0.431],[-0.216,0.878,-0.428],[0.373,0.479,0.794]]}},"22":{"name":"chair","obb":{"center":[5.655,4.632,0.398],"extent":[0.539,0.355,0.683],"rotation":[[-0.113,-0.492,0.863],[0.957,-0.286,-0.038],[0.266,0.822,0.503]]}},"25":{"name":"door","obb":{"center":[6.449,1.199,0.853],"extent":[1.508,0.251,0.953],"rotation":[[-0.008,0.757,0.654],[-0.03,-0.654,0.756],[1.0,-0.014,0.028]]}},"26":{"name":"table","obb":{"center":[4.625,2.195,0.381],"extent":[1.211,1.569,0.712],"rotation":[[-0.998,-0.055,0.022],[0.056,-0.998,0.017],[0.021,0.018,1.0]]}},"27":{"name":"table","obb":{"center":[4.363,4.823,0.437],"extent":[0.714,1.519,0.725],"rotation":[[0.995,0.101,0.004],[-0.101,0.991,-0.083],[-0.013,0.082,0.997]]}},"28":{"name":"table","obb":{"center":[5.509,4.662,0.451],"extent":[0.673,1.563,0.702],"rotation":[[-0.996,0.021,-0.086],[-0.016,-0.998,-0.059],[-0.087,-0.057,0.995]]}},"29":{"name":"table","obb":{"center":[2.356,4.987,0.804],"extent":[1.52,1.249,0.692],"rotation":[[-0.09,-0.996,0.008],[-0.892,0.084,0.445],[-0.444,0.033,-0.896]]}},"30":{"name":"table","obb":{"center":[2.418,2.664,0.444],"extent":[1.159,0.701,0.708],"rotation":[[-0.053,-0.094,0.994],[-0.999,0.012,-0.052],[-0.007,-0.995,-0.095]]}}},"qa_object_ids":[["0","1","2","3","4","5","6","7","8","9","10","11","12","13","14","15","16","17","18","19","20","21","22"],["26","27","28","29","30"],["25"],[]]}
