{
  "objects": {
    "0": {
      "name": "chair",
      "obb": {
        "center": [
          1.653,
          3.098,
          0.671
        ],
        "extent": [
          0.537,
          0.568,
          0.572
        ],
        "rotation": [
          [
            0.183,
            -0.064,
            -0.981
          ],
          [
            0.981,
            0.085,
            0.177
          ],
          [
            0.072,
            -0.994,
            0.078
          ]
        ]
      }
    },
    "1": {
      "name": "chair",
      "obb": {
        "center": [
          5.146,
          0.866,
          0.69
        ],
        "extent": [
          0.585,
          0.359,
          0.768
        ],
        "rotation": [
          [
            0.621,
            0.624,
            -0.474
          ],
          [
            0.783,
            -0.516,
            0.347
          ],
          [
            -0.029,
            -0.587,
            -0.809
          ]
        ]
      }
    },
    "2": {
      "name": "chair",
      "obb": {
        "center": [
          1.896,
          3.815,
          0.616
        ],
        "extent": [
          0.514,
          0.708,
          0.355
        ],
        "rotation": [
          [
            0.953,
            -0.191,
            0.237
          ],
          [
            0.303,
            0.676,
            -0.672
          ],
          [
            -0.032,
            0.712,
            0.701
          ]
        ]
      }
    },
    "3": {
      "name": "chair",
      "obb": {
        "center": [
          1.406,
          4.159,
          0.694
        ],
        "extent": [
          0.836,
          0.307,
          0.475
        ],
        "rotation": [
          [
            -0.497,
            -0.638,
            -0.588
          ],
          [
            0.477,
            0.365,
            -0.799
          ],
          [
            0.725,
            -0.678,
            0.123
          ]
        ]
      }
    },
    "4": {
      "name": "chair",
      "obb": {
        "center": [
          2.058,
          4.978,
          0.672
        ],
        "extent": [
          0.837,
          0.723,
          0.331
        ],
        "rotation": [
          [
            0.714,
            -0.428,
            0.555
          ],
          [
            0.7,
            0.42,
            -0.577
          ],
          [
            0.014,
            0.8,
            0.599
          ]
        ]
      }
    },
    "5": {
      "name": "chair",
      "obb": {
        "center": [
          2.313,
          5.252,
          0.663
        ],
        "extent": [
          0.719,
          0.553,
          0.334
        ],
        "rotation": [
          [
            -0.634,
            -0.551,
            0.542
          ],
          [
            0.314,
            -0.824,
            -0.471
          ],
          [
            0.707,
            -0.128,
            0.696
          ]
        ]
      }
    },
    "6": {
      "name": "chair",
      "obb": {
        "center": [
          3.259,
          5.065,
          0.699
        ],
        "extent": [
          0.597,
          0.374,
          0.181
        ],
        "rotation": [
          [
            -0.086,
            -0.838,
            0.539
          ],
          [
            0.212,
            -0.544,
            -0.812
          ],
          [
            0.973,
            0.044,
            0.225
          ]
        ]
      }
    },
    "7": {
      "name": "chair",
      "obb": {
        "center": [
          3.179,
          4.07,
          0.622
        ],
        "extent": [
          0.712,
          0.351,
          0.557
        ],
        "rotation": [
          [
            -0.364,
            -0.257,
            -0.895
          ],
          [
            0.602,
            0.668,
            -0.437
          ],
          [
            0.71,
            -0.698,
            -0.088
          ]
        ]
      }
    },
    "8": {
      "name": "chair",
      "obb": {
        "center": [
          2.882,
          2.978,
          0.67
        ],
        "extent": [
          0.475,
          0.653,
          0.51
        ],
        "rotation": [
          [
            0.94,
            -0.337,
            -0.059
          ],
          [
            -0.015,
            0.132,
            -0.991
          ],
          [
            0.342,
            0.932,
            0.12
          ]
        ]
      }
    },
    "9": {
      "name": "chair",
      "obb": {
        "center": [
          3.213,
          1.812,
          0.652
        ],
        "extent": [
          0.655,
          0.563,
          0.302
        ],
        "rotation": [
          [
            -0.068,
            -0.974,
            -0.214
          ],
          [
            -0.204,
            0.224,
            -0.953
          ],
          [
            0.977,
            -0.021,
            -0.214
          ]
        ]
      }
    },
    "10": {
      "name": "chair",
      "obb": {
        "center": [
          4.592,
          1.55,
          0.505
        ],
        "extent": [
          0.995,
          0.608,
          0.354
        ],
        "rotation": [
          [
            0.384,
            -0.898,
            0.215
          ],
          [
            0.615,
            0.422,
            0.666
          ],
          [
            -0.688,
            -0.123,
            0.715
          ]
        ]
      }
    },
    "11": {
      "name": "chair",
      "obb": {
        "center": [
          3.989,
          1.556,
          0.478
        ],
        "extent": [
          1.052,
          0.502,
          0.374
        ],
        "rotation": [
          [
            0.408,
            0.755,
            -0.514
          ],
          [
            -0.583,
            0.648,
            0.489
          ],
          [
            0.702,
            0.1,
            0.705
          ]
        ]
      }
    },
    "12": {
      "name": "chair",
      "obb": {
        "center": [
          4.48,
          2.509,
          0.76
        ],
        "extent": [
          0.532,
          0.151,
          0.396
        ],
        "rotation": [
          [
            -0.004,
            -0.947,
            0.323
          ],
          [
            1.0,
            -0.01,
            -0.015
          ],
          [
            0.017,
            0.323,
            0.946
          ]
        ]
      }
    },
    "13": {
      "name": "chair",
      "obb": {
        "center": [
          4.819,
          3.094,
          0.762
        ],
        "extent": [
          0.407,
          0.607,
          0.137
        ],
        "rotation": [
          [
            -0.437,
            -0.416,
            -0.798
          ],
          [
            0.163,
            -0.909,
            0.385
          ],
          [
            -0.885,
            0.038,
            0.464
          ]
        ]
      }
    },
    "14": {
      "name": "chair",
      "obb": {
        "center": [
          4.806,
          3.918,
          0.822
        ],
        "extent": [
          0.323,
          0.156,
          0.562
        ],
        "rotation": [
          [
            0.386,
            -0.898,
            0.211
          ],
          [
            -0.019,
            -0.237,
            -0.971
          ],
          [
            0.922,
            0.371,
            -0.109
          ]
        ]
      }
    },
    "15": {
      "name": "chair",
      "obb": {
        "center": [
          2.072,
          2.33,
          0.619
        ],
        "extent": [
          0.51,
          0.731,
          0.331
        ],
        "rotation": [
          [
            0.06,
            0.715,
            0.697
          ],
          [
            -0.998,
            0.039,
            0.046
          ],
          [
            0.006,
            -0.698,
            0.716
          ]
        ]
      }
    },
    "16": {
      "name": "chair",
      "obb": {
        "center": [
          1.652,
          2.314,
          0.712
        ],
        "extent": [
          0.809,
          0.487,
          0.462
        ],
        "rotation": [
          [
            0.868,
            0.13,
            -0.479
          ],
          [
            -0.483,
            -0.003,
            -0.875
          ],
          [
            -0.115,
            0.992,
            0.061
          ]
        ]
      }
    },
    "17": {
      "name": "chair",
      "obb": {
        "center": [
          1.253,
          2.382,
          0.703
        ],
        "extent": [
          0.753,
          0.297,
          0.436
        ],
        "rotation": [
          [
            -0.633,
            -0.653,
            -0.416
          ],
          [
            0.205,
            0.377,
            -0.903
          ],
          [
            0.747,
            -0.657,
            -0.104
          ]
        ]
      }
    },
    "21": {
      "name": "door",
      "obb": {
        "center": [
          5.909,
          2.114,
          0.801
        ],
        "extent": [
          1.476,
          0.282,
          0.716
        ],
        "rotation": [
          [
            0.056,
            0.968,
            0.243
          ],
          [
            -0.13,
            -0.234,
            0.964
          ],
          [
            0.99,
            -0.086,
            0.113
          ]
        ]
      }
    }
  },
  "qa_object_ids": [
    [
      "0",
      "1",
      "2",
      "3",
      "4",
      "5",
      "6",
      "7",
      "8",
      "9",
      "10",
      "11",
      "12",
      "13",
      "14",
      "15",
      "16",
      "17"
    ],
    [
      "21"
    ],
    []
  ]
}