{
  "objects": {
    "0": {
      "name": "door",
      "obb": {
        "center": [1.01, 3.703, 1.101],
        "extent": [0.875, 1.997, 0.061],
        "rotation": [[0.989, 0.0, 0.148], [0.148, -0.0, -0.989], [0.0, 1.0, -0.0]]
      }
    },
    "1": {
      "name": "door",
      "obb": {
        "center": [7.975, 4.539, 1.082],
        "extent": [0.779, 2.003, 0.115],
        "rotation": [[-0.241, 0.0, 0.97], [0.97, -0.0, 0.241], [0.0, 1.0, 0.0]]
      }
    },
    "2": {
      "name": "door",
      "obb": {
        "center": [9.833, 5.901, 1.062],
        "extent": [0.704, 1.97, 0.019],
        "rotation": [[0.206, 0.0, -0.979], [-0.979, -0.0, -0.206], [-0.0, 1.0, -0.0]]
      }
    },
    "3": {
      "name": "door",
      "obb": {
        "center": [0.157, 4.364, 1.095],
        "extent": [1.061, 2.063, 0.1],
        "rotation": [[0.202, 0.0, -0.979], [-0.979, -0.0, -0.202], [-0.0, 1.0, -0.0]]
      }
    },
    "4": {
      "name": "door",
      "obb": {
        "center": [6.962, 4.946, 1.119],
        "extent": [1.134, 2.111, 0.208],
        "rotation": [[0.981, 0.0, 0.192], [0.192, -0.0, -0.981], [0.0, 1.0, -0.0]]
      }
    },
    "5": {
      "name": "tv",
      "obb": {
        "center": [12.757, 2.765, 1.793],
        "extent": [1.081, 0.11, 0.62],
        "rotation": [[-0.721, -0.676, 0.152], [-0.691, 0.717, -0.09], [-0.048, -0.17, -0.984]]
      }
    },
    "9": {
      "name": "telephone",
      "obb": {
        "center": [3.125, 4.318, 1.462],
        "extent": [0.083, 0.281, 0.053],
        "rotation": [[-0.965, 0.0, 0.262], [0.262, -0.0, 0.965], [0.0, 1.0, 0.0]]
      }
    },
    "13": {
      "name": "suitcase",
      "obb": {
        "center": [8.295, 2.978, 0.447],
        "extent": [0.488, 0.664, 0.281],
        "rotation": [[-0.197, 0.0, 0.98], [0.98, -0.0, 0.197], [0.0, 1.0, 0.0]]
      }
    },
    "14": {
      "name": "suitcase",
      "obb": {
        "center": [8.273, 3.455, 0.42],
        "extent": [0.522, 0.674, 0.233],
        "rotation": [[-0.573, 0.0, 0.82], [0.82, -0.0, 0.573], [0.0, 1.0, 0.0]]
      }
    },
    "15": {
      "name": "suitcase",
      "obb": {
        "center": [8.203, 3.89, 0.343],
        "extent": [0.474, 0.523, 0.178],
        "rotation": [[-0.539, 0.0, 0.842], [0.842, -0.0, 0.539], [0.0, 1.0, 0.0]]
      }
    },
    "20": {
      "name": "sofa",
      "obb": {
        "center": [9.736, 2.199, 0.487],
        "extent": [1.743, 0.865, 0.236],
        "rotation": [[0.961, 0.262, 0.093], [0.269, -0.792, -0.548], [-0.07, 0.551, -0.831]]
      }
    },
    "23": {
      "name": "kettle",
      "obb": {
        "center": [12.796, 3.01, 0.613],
        "extent": [0.191, 0.26, 0.166],
        "rotation": [[-0.661, 0.0, -0.751], [-0.751, -0.0, 0.661], [-0.0, 1.0, 0.0]]
      }
    }
  },
  "qa_object_ids": [
    ["5", "9"],
    ["13", "14", "15"],
    ["0", "1", "2", "3", "4", "13", "14", "15", "20", "23"]
  ]
}
